11111111111111111111111111111111111111111111111
11111111111111111111111111111111111111111111111
11111111111111111111111111111111111111111111111
                  222222
                      2222
                        2222
                         2222
                           3333
                              33333
                                  333333
                                    33333333
                                        333333
                                          33333333
                                                2222222
                                                     2222222
                                                           2222222222
                                                                    2222222222
                                                                        2222222222
                                                                             222222222222222
                                                                                         222222222222222222222222
