33333333333333333333333333333333333333333333333333333333333333333333333333333333
33333333333333333333333333333333333333333333333333333333333333333333333333333333
33333333333333333333333333333333333333333333333333333333333333333333333333333333


                                                  222222
                                                 22    22

                                                 22    22
                                                 22    22                                        2
